[(343, 189), 1, 0]
[(181, 318), 1, 0]
[(247, 386), 1, 0]
[(239, 401), 1, 0]
[(435, 470), 1, 0]
[(550, 231), 1, 0]
[(645, 343), 1, 0]
[(485, 633), 1, 0]
[(472, 613), 1, 0]
[(429, 668), 1, 0]
[(409, 621), 1, 0]
[(379, 630), 1, 0]
[(168, 265), 1, 0]
[(155, 249), 1, 0]
[(226, 297), 0, 1]
[(268, 314), 0, 1]
[(293, 238), 0, 1]
[(243, 219), 0, 1]
[(221, 321), 0, 1]
[(218, 331), 0, 1]
[(263, 405), 0, 1]
[(253, 461), 0, 1]
[(239, 495), 0, 1]
[(249, 510), 0, 1]
[(369, 421), 0, 1]
[(460, 420), 0, 1]
[(383, 537), 0, 1]
[(377, 589), 0, 1]
[(367, 586), 0, 1]
[(351, 600), 0, 1]
[(301, 585), 0, 1]
[(220, 576), 0, 1]
[(185, 588), 0, 1]
[(171, 562), 0, 1]
[(165, 544), 0, 1]
[(160, 525), 0, 1]
[(482, 253), 0, 1]
[(503, 289), 0, 1]
[(596, 273), 0, 1]
[(652, 235), 0, 1]
[(627, 469), 0, 1]
[(613, 572), 0, 1]
[(659, 607), 0, 1]
[(739, 570), 0, 1]
[(764, 552), 0, 1]
[(752, 539), 0, 1]
[(506, 651), 0, 1]
[(443, 669), 0, 1]
[(182, 224), 0, 1]
[(182, 211), 0, 1]
[(180, 199), 0, 1]
[(181, 256), 0, 1]
