[(246, 330), 1, 0]
[(277, 276), 1, 0]
[(363, 432), 1, 0]
[(454, 478), 1, 0]
[(509, 375), 1, 0]
[(514, 370), 1, 0]
[(547, 172), 1, 0]
[(354, 142), 1, 0]
[(336, 141), 1, 0]
[(370, 114), 1, 0]
[(363, 195), 1, 0]
[(358, 202), 1, 0]
[(372, 538), 1, 0]
[(405, 564), 1, 0]
[(598, 530), 1, 0]
[(266, 278), 0, 1]
[(286, 278), 0, 1]
[(365, 261), 0, 1]
[(397, 307), 0, 1]
[(380, 427), 0, 1]
[(414, 424), 0, 1]
[(446, 436), 0, 1]
[(461, 457), 0, 1]
[(480, 518), 0, 1]
[(470, 527), 0, 1]
[(497, 409), 0, 1]
[(543, 422), 0, 1]
[(593, 334), 0, 1]
[(583, 303), 0, 1]
[(699, 297), 0, 1]
[(500, 217), 0, 1]
[(490, 229), 0, 1]
[(435, 169), 0, 1]
[(387, 125), 0, 1]
[(423, 554), 0, 1]
[(534, 626), 0, 1]
[(608, 634), 0, 1]
[(604, 666), 0, 1]
[(578, 549), 0, 1]
