[(223, 279), 1, 0]
[(248, 336), 1, 0]
[(246, 350), 1, 0]
[(395, 322), 1, 0]
[(355, 219), 1, 0]
[(404, 116), 1, 0]
[(521, 176), 1, 0]
[(568, 158), 1, 0]
[(322, 427), 1, 0]
[(239, 529), 1, 0]
[(560, 383), 1, 0]
[(668, 458), 1, 0]
[(313, 668), 1, 0]
[(394, 736), 1, 0]
[(549, 240), 0, 1]
[(491, 306), 0, 1]
[(535, 321), 0, 1]
[(201, 460), 0, 1]
[(405, 407), 0, 1]
[(440, 450), 0, 1]
[(479, 475), 0, 1]
[(571, 389), 0, 1]
[(533, 379), 0, 1]
[(629, 468), 0, 1]
[(612, 519), 0, 1]
[(507, 537), 0, 1]
[(330, 723), 0, 1]
[(385, 668), 0, 1]
[(513, 692), 0, 1]
[(709, 283), 0, 1]
[(246, 163), 0, 1]
