[(637.416, 512.1120000000001), 1, 0]
[(754.548, 484.872), 1, 0]
[(1097.7720000000002, 329.60400000000004), 1, 0]
[(1125.0120000000002, 275.124), 1, 0]
[(1051.4640000000002, 236.98800000000003), 1, 0]
[(1067.808, 204.3), 1, 0]
[(1364.7240000000002, 419.49600000000004), 1, 0]
[(1362.0, 495.76800000000003), 1, 0]
[(1329.3120000000001, 463.08000000000004), 1, 0]
[(1465.5120000000002, 449.46000000000004), 1, 0]
[(1487.304, 424.944), 1, 0]
[(1440.996, 400.42800000000005), 1, 0]
[(1430.1000000000001, 356.84400000000005), 1, 0]
[(1511.8200000000002, 345.94800000000004), 1, 0]
[(1547.2320000000002, 392.25600000000003), 1, 0]
[(1724.2920000000001, 435.84000000000003), 1, 0]
[(1618.056, 724.5840000000001), 1, 0]
[(1484.5800000000002, 691.8960000000001), 1, 0]
[(1492.7520000000002, 768.168), 1, 0]
[(1435.548, 833.5440000000001), 1, 0]
[(1389.24, 907.0920000000001), 1, 0]
[(1536.336, 975.1920000000001), 1, 0]
[(1609.884, 977.916), 1, 0]
[(1784.22, 849.888), 1, 0]
[(1811.46, 762.72), 1, 0]
[(1544.508, 1225.8000000000002), 1, 0]
[(435.84000000000003, 1582.644), 1, 0]
[(1397.412, 160.716), 1, 0]
[(1435.548, 460.35600000000005), 0, 1]
[(1615.332, 563.868), 0, 1]
[(1533.612, 1334.76), 0, 1]
