[(1114.116, 770.892), 1, 0]
[(1525.44, 814.4760000000001), 1, 0]
[(1274.832, 1242.144), 1, 0]
[(1247.592, 1293.9), 1, 0]
[(1084.152, 1484.5800000000002), 1, 0]
[(844.44, 1397.412), 1, 0]
[(612.9000000000001, 1588.092), 1, 0]
[(1814.1840000000002, 1691.604), 1, 0]
[(1487.304, 555.696), 1, 0]
[(1370.172, 498.492), 1, 0]
[(1549.9560000000001, 531.1800000000001), 1, 0]
[(1549.9560000000001, 484.872), 1, 0]
[(1560.852, 454.908), 1, 0]
[(1601.7120000000002, 528.456), 1, 0]
[(1481.8560000000002, 345.94800000000004), 1, 0]
[(1833.2520000000002, 634.692), 1, 0]
[(1144.0800000000002, 844.44), 0, 1]
[(1558.1280000000002, 757.272), 0, 1]
