[(803.58, 1326.5880000000002), 1, 0]
[(732.7560000000001, 1141.356), 1, 0]
[(759.9960000000001, 1089.6000000000001), 1, 0]
[(759.9960000000001, 1043.2920000000001), 1, 0]
[(667.38, 1046.016), 1, 0]
[(604.7280000000001, 1051.4640000000002), 1, 0]
[(356.84400000000005, 1171.3200000000002), 1, 0]
[(326.88, 787.2360000000001), 1, 0]
[(1048.74, 819.9240000000001), 1, 0]
[(975.1920000000001, 735.48), 1, 0]
[(1223.076, 394.98), 1, 0]
[(1217.6280000000002, 762.72), 1, 0]
[(1266.66, 792.6840000000001), 1, 0]
[(1209.4560000000001, 849.888), 1, 0]
[(1255.7640000000001, 868.956), 1, 0]
[(1312.968, 847.1640000000001), 1, 0]
[(1171.3200000000002, 956.124), 1, 0]
[(1342.932, 1075.98), 1, 0]
[(1353.8280000000002, 1119.564), 1, 0]
[(1323.864, 1130.46), 1, 0]
[(1242.144, 1307.52), 1, 0]
[(1263.9360000000001, 1244.8680000000002), 1, 0]
[(1013.3280000000001, 1642.5720000000001), 1, 0]
[(1067.808, 1255.7640000000001), 1, 0]
[(1021.5000000000001, 1228.5240000000001), 1, 0]
[(909.816, 1233.972), 1, 0]
[(1702.5000000000002, 1519.9920000000002), 1, 0]
[(1732.4640000000002, 1440.996), 1, 0]
[(1604.4360000000001, 1702.5000000000002), 1, 0]
[(1661.64, 809.028), 1, 0]
[(1637.124, 724.5840000000001), 1, 0]
[(1536.336, 730.032), 1, 0]
[(1563.576, 770.892), 1, 0]
[(1522.7160000000001, 776.34), 1, 0]
[(1487.304, 681.0), 1, 0]
[(1495.476, 890.748), 1, 0]
[(1928.592, 740.9280000000001), 1, 0]
[(1509.096, 378.636), 1, 0]
[(1362.0, 163.44), 1, 0]
[(1043.2920000000001, 1122.288), 1, 0]
[(988.8120000000001, 1043.2920000000001), 0, 1]
[(991.5360000000001, 866.2320000000001), 0, 1]
[(956.124, 885.3000000000001), 0, 1]
[(890.748, 408.6), 0, 1]
[(1345.6560000000002, 1152.2520000000002), 0, 1]
[(1097.7720000000002, 1386.516), 0, 1]
[(1588.092, 1517.268), 0, 1]
