[(828.096, 988.8120000000001), 1, 0]
[(909.816, 1078.7040000000002), 1, 0]
[(956.124, 1037.844), 1, 0]
[(1024.2240000000002, 1013.3280000000001), 1, 0]
[(999.7080000000001, 947.9520000000001), 1, 0]
[(1007.8800000000001, 1141.356), 1, 0]
[(1097.7720000000002, 1195.836), 1, 0]
[(1138.632, 1152.2520000000002), 1, 0]
[(1029.672, 1470.96), 1, 0]
[(746.3760000000001, 1190.3880000000001), 1, 0]
[(1204.008, 1122.288), 1, 0]
[(1312.968, 1084.152), 1, 0]
[(1255.7640000000001, 1002.432), 1, 0]
[(1272.1080000000002, 912.5400000000001), 1, 0]
[(1326.5880000000002, 937.056), 1, 0]
[(1351.104, 915.2640000000001), 1, 0]
[(1405.584, 898.9200000000001), 1, 0]
[(1402.8600000000001, 942.504), 1, 0]
[(1432.824, 961.5720000000001), 1, 0]
[(1440.996, 934.3320000000001), 1, 0]
[(1432.824, 877.128), 1, 0]
[(1495.476, 956.124), 1, 0]
[(1419.2040000000002, 1046.016), 1, 0]
[(1511.8200000000002, 1070.5320000000002), 1, 0]
[(1372.8960000000002, 798.1320000000001), 1, 0]
[(1435.548, 811.7520000000001), 1, 0]
[(1457.3400000000001, 749.1), 1, 0]
[(1402.8600000000001, 672.8280000000001), 1, 0]
[(1059.636, 713.6880000000001), 1, 0]
[(866.2320000000001, 664.6560000000001), 1, 0]
[(691.8960000000001, 814.4760000000001), 1, 0]
[(754.548, 542.076), 1, 0]
[(759.9960000000001, 473.97600000000006), 1, 0]
[(1035.1200000000001, 354.12), 1, 0]
[(1737.912, 315.98400000000004), 1, 0]
[(928.884, 1116.8400000000001), 0, 1]
[(1062.3600000000001, 1746.084), 0, 1]
[(1274.832, 1122.288), 0, 1]
[(1217.6280000000002, 825.3720000000001), 0, 1]
[(1184.94, 343.22400000000005), 0, 1]
