1.000000000000000000e+01 2.009000000000000057e+02
1.000000000000000000e+01 1.865000000000000000e+02
1.000000000000000000e+01 1.889000000000000057e+02
1.000000000000000000e+01 2.140999999999999943e+02
1.000000000000000000e+01 1.779000000000000057e+02
1.000000000000000000e+01 1.630000000000000000e+02
1.100000000000000000e+01 1.631818181818181870e+02
1.100000000000000000e+01 2.116363636363636260e+02
1.100000000000000000e+01 1.781818181818181870e+02
1.200000000000000000e+01 1.925000000000000000e+02
1.200000000000000000e+01 1.745000000000000000e+02
1.300000000000000000e+01 1.638461538461538396e+02
1.300000000000000000e+01 1.706923076923076792e+02
1.400000000000000000e+01 1.881428571428571388e+02
1.400000000000000000e+01 1.644285714285714164e+02
1.400000000000000000e+01 1.769285714285714164e+02
1.500000000000000000e+01 1.636666666666666572e+02
1.500000000000000000e+01 1.638000000000000114e+02
1.600000000000000000e+01 1.640000000000000000e+02
1.600000000000000000e+01 1.633125000000000000e+02
1.700000000000000000e+01 1.617058823529411882e+02
1.700000000000000000e+01 2.151764705882353041e+02
1.700000000000000000e+01 1.627058823529411882e+02
1.900000000000000000e+01 2.235263157894736707e+02
2.000000000000000000e+01 1.629000000000000057e+02
2.000000000000000000e+01 2.052500000000000000e+02
2.000000000000000000e+01 2.091999999999999886e+02
2.100000000000000000e+01 1.636666666666666572e+02
2.300000000000000000e+01 1.857391304347825951e+02
2.400000000000000000e+01 1.642916666666666572e+02
2.400000000000000000e+01 2.115000000000000000e+02
2.600000000000000000e+01 1.881923076923076792e+02
2.700000000000000000e+01 1.629629629629629619e+02
3.400000000000000000e+01 2.134411764705882320e+02
3.400000000000000000e+01 1.645000000000000000e+02
3.700000000000000000e+01 1.816216216216216139e+02
7.800000000000000000e+01 1.933717948717948616e+02
8.600000000000000000e+01 1.653139534883721069e+02
3.340000000000000000e+02 1.728532934131736454e+02
3.106000000000000000e+03 1.878844172569220916e+02
3.178000000000000000e+03 1.751614222781623766e+02
3.325000000000000000e+03 1.938619548872180474e+02
3.505000000000000000e+03 2.022168330955777549e+02
3.747000000000000000e+03 2.065759274085935431e+02
3.983000000000000000e+03 2.048654280692944951e+02
4.134000000000000000e+03 2.013688921141751393e+02
4.617000000000000000e+03 2.037753952783192517e+02
4.670000000000000000e+03 2.007798715203426241e+02
4.751000000000000000e+03 1.985954535887181578e+02
4.865000000000000000e+03 1.989652620760534489e+02
5.106000000000000000e+03 1.998421464943204171e+02
6.283000000000000000e+03 1.994230463154543997e+02
6.691000000000000000e+03 2.002407711851741112e+02
7.243000000000000000e+03 2.075245064199917238e+02
8.065000000000000000e+03 2.070370737755734751e+02
8.586000000000000000e+03 2.052310738411367481e+02
9.461000000000000000e+03 1.997997040481978672e+02
