3.880000000000000000e+02 1.903891752577319494e+02
1.441000000000000000e+03 1.714857737682165180e+02
1.512000000000000000e+03 1.885767195767195687e+02
1.520000000000000000e+03 1.768684210526315894e+02
1.653000000000000000e+03 1.921772534785239088e+02
1.674000000000000000e+03 1.891003584229390810e+02
1.727000000000000000e+03 2.048089171974522174e+02
1.786000000000000000e+03 1.804171332586786036e+02
1.862000000000000000e+03 2.013136412459720646e+02
1.872000000000000000e+03 1.904262820512820440e+02
1.922000000000000000e+03 2.047096774193548470e+02
1.926000000000000000e+03 2.007808930425752862e+02
1.981000000000000000e+03 2.016077738515901103e+02
1.982000000000000000e+03 2.008698284561049547e+02
1.998000000000000000e+03 2.011256256256256165e+02
2.240000000000000000e+03 2.012348214285714221e+02
2.245000000000000000e+03 1.962374164810690331e+02
2.367000000000000000e+03 1.958517110266159591e+02
2.704000000000000000e+03 1.987078402366863941e+02
2.867000000000000000e+03 2.003871642832228872e+02
