[(552.9720000000001, 730.032), 1, 0]
[(533.904, 732.7560000000001), 1, 0]
[(542.076, 670.104), 1, 0]
[(599.2800000000001, 621.072), 1, 0]
[(615.624, 623.796), 1, 0]
[(700.0680000000001, 888.0240000000001), 1, 0]
[(710.964, 904.368), 1, 0]
[(746.3760000000001, 732.7560000000001), 1, 0]
[(762.72, 713.6880000000001), 1, 0]
[(811.7520000000001, 724.5840000000001), 1, 0]
[(781.788, 740.9280000000001), 1, 0]
[(817.2, 789.96), 1, 0]
[(841.716, 749.1), 1, 0]
[(868.956, 847.1640000000001), 1, 0]
[(942.504, 751.8240000000001), 1, 0]
[(1013.3280000000001, 838.9920000000001), 1, 0]
[(991.5360000000001, 877.128), 1, 0]
[(1059.636, 885.3000000000001), 1, 0]
[(1100.496, 868.956), 1, 0]
[(1119.564, 904.368), 1, 0]
[(1097.7720000000002, 980.6400000000001), 1, 0]
[(533.904, 1149.528), 1, 0]
[(550.248, 1127.736), 1, 0]
[(501.216, 1086.876), 1, 0]
[(582.936, 1086.876), 1, 0]
[(623.796, 1141.356), 1, 0]
[(675.552, 1187.664), 1, 0]
[(591.1080000000001, 1239.42), 1, 0]
[(596.556, 1280.2800000000002), 1, 0]
[(591.1080000000001, 1214.904), 1, 0]
[(539.3520000000001, 1244.8680000000002), 1, 0]
[(476.70000000000005, 1231.248), 1, 0]
[(454.908, 1195.836), 1, 0]
[(465.80400000000003, 1293.9), 1, 0]
[(517.5600000000001, 1269.384), 1, 0]
[(514.836, 1296.624), 1, 0]
[(561.144, 1329.3120000000001), 1, 0]
[(593.832, 1381.0680000000002), 1, 0]
[(615.624, 1362.0), 1, 0]
[(544.8000000000001, 1383.7920000000001), 1, 0]
[(691.8960000000001, 1383.7920000000001), 1, 0]
[(702.792, 1571.748), 1, 0]
[(580.212, 1563.576), 1, 0]
[(681.0, 1716.1200000000001), 1, 0]
[(828.096, 1664.364), 1, 0]
[(433.11600000000004, 1108.6680000000001), 1, 0]
[(433.11600000000004, 1108.6680000000001), 1, 0]
[(384.084, 937.056), 1, 0]
[(424.944, 814.4760000000001), 1, 0]
[(408.6, 852.6120000000001), 1, 0]
[(405.87600000000003, 814.4760000000001), 1, 0]
[(411.324, 1081.428), 1, 0]
[(405.87600000000003, 1043.2920000000001), 1, 0]
[(435.84000000000003, 1026.948), 1, 0]
[(381.36, 1097.7720000000002), 1, 0]
[(335.052, 1103.22), 1, 0]
[(365.016, 1149.528), 1, 0]
[(356.84400000000005, 1157.7), 1, 0]
[(340.5, 1157.7), 1, 0]
[(1100.496, 1756.98), 1, 0]
[(1190.3880000000001, 1795.1160000000002), 1, 0]
[(1285.728, 1495.476), 1, 0]
[(1465.5120000000002, 1334.76), 1, 0]
[(1525.44, 1522.7160000000001), 1, 0]
[(1620.7800000000002, 1506.372), 1, 0]
[(1650.7440000000001, 1473.6840000000002), 1, 0]
[(1759.7040000000002, 1574.4720000000002), 1, 0]
[(1718.844, 1598.988), 1, 0]
[(1792.392, 1612.6080000000002), 1, 0]
[(1727.016, 1697.0520000000001), 1, 0]
[(1776.0480000000002, 1397.412), 1, 0]
[(1871.3880000000001, 1457.3400000000001), 1, 0]
[(1879.5600000000002, 1416.48), 1, 0]
[(1969.4520000000002, 1449.1680000000001), 1, 0]
[(1939.488, 1473.6840000000002), 1, 0]
[(1667.0880000000002, 1364.7240000000002), 1, 0]
[(1577.1960000000001, 1283.0040000000001), 1, 0]
[(1609.884, 1228.5240000000001), 1, 0]
[(1639.8480000000002, 1223.076), 1, 0]
[(1653.468, 1253.0400000000002), 1, 0]
[(1705.2240000000002, 1272.1080000000002), 1, 0]
[(1737.912, 1228.5240000000001), 1, 0]
[(1727.016, 1184.94), 1, 0]
[(1664.364, 1190.3880000000001), 1, 0]
[(1634.4, 1176.768), 1, 0]
[(1612.6080000000002, 1157.7), 1, 0]
[(1590.816, 1152.2520000000002), 1, 0]
[(1528.1640000000002, 1100.496), 1, 0]
[(1405.584, 1100.496), 1, 0]
[(1413.756, 1048.74), 1, 0]
[(1389.24, 994.2600000000001), 1, 0]
[(1391.9640000000002, 937.056), 1, 0]
[(1372.8960000000002, 920.7120000000001), 1, 0]
[(1340.208, 912.5400000000001), 1, 0]
[(1255.7640000000001, 926.1600000000001), 1, 0]
[(1250.316, 871.6800000000001), 1, 0]
[(1122.288, 743.652), 1, 0]
[(1067.808, 637.416), 1, 0]
[(836.268, 588.384), 1, 0]
[(882.576, 498.492), 1, 0]
[(901.6440000000001, 414.048), 1, 0]
[(814.4760000000001, 419.49600000000004), 1, 0]
[(803.58, 468.528), 1, 0]
[(710.964, 457.63200000000006), 1, 0]
[(691.8960000000001, 378.636), 1, 0]
[(787.2360000000001, 343.22400000000005), 1, 0]
[(838.9920000000001, 318.708), 1, 0]
[(996.984, 277.848), 1, 0]
[(1037.844, 373.18800000000005), 1, 0]
[(1056.912, 424.944), 1, 0]
[(1056.912, 484.872), 1, 0]
[(1228.5240000000001, 476.70000000000005), 1, 0]
[(1250.316, 531.1800000000001), 1, 0]
[(1590.816, 618.3480000000001), 1, 0]
[(1615.332, 762.72), 1, 0]
[(1598.988, 871.6800000000001), 1, 0]
[(1454.6160000000002, 779.0640000000001), 1, 0]
[(1400.1360000000002, 825.3720000000001), 1, 0]
[(1509.096, 986.0880000000001), 1, 0]
[(1615.332, 1032.3960000000002), 1, 0]
[(1634.4, 1013.3280000000001), 1, 0]
[(1732.4640000000002, 1024.2240000000002), 1, 0]
[(1767.8760000000002, 1081.428), 1, 0]
[(1811.46, 1231.248), 1, 0]
[(1914.9720000000002, 1195.836), 1, 0]
[(2097.48, 1201.284), 1, 0]
[(2059.344, 991.5360000000001), 1, 0]
[(1988.5200000000002, 1002.432), 1, 0]
[(1762.428, 926.1600000000001), 1, 0]
[(1710.672, 838.9920000000001), 1, 0]
[(1765.152, 759.9960000000001), 1, 0]
[(1800.564, 591.1080000000001), 1, 0]
[(1691.604, 340.5), 1, 0]
[(1980.3480000000002, 732.7560000000001), 1, 0]
[(1378.344, 367.74), 1, 0]
[(1421.928, 258.78000000000003), 1, 0]
[(1378.344, 261.504), 1, 0]
[(1261.212, 174.336), 1, 0]
[(1479.132, 168.888), 1, 0]
[(1002.432, 166.16400000000002), 1, 0]
[(800.8560000000001, 242.436), 1, 0]
[(555.696, 400.42800000000005), 1, 0]
[(509.38800000000003, 441.288), 1, 0]
[(1225.8000000000002, 991.5360000000001), 1, 0]
[(1193.112, 958.8480000000001), 1, 0]
[(898.9200000000001, 681.0), 1, 0]
[(789.96, 847.1640000000001), 1, 0]
[(890.748, 863.508), 1, 0]
[(888.0240000000001, 781.788), 1, 0]
[(885.3000000000001, 751.8240000000001), 1, 0]
[(920.7120000000001, 637.416), 1, 0]
[(926.1600000000001, 713.6880000000001), 1, 0]
[(917.988, 751.8240000000001), 1, 0]
[(964.296, 787.2360000000001), 1, 0]
[(991.5360000000001, 765.4440000000001), 1, 0]
[(1016.052, 759.9960000000001), 1, 0]
[(1043.2920000000001, 814.4760000000001), 1, 0]
[(999.7080000000001, 977.916), 1, 0]
[(354.12, 996.984), 1, 0]
[(384.084, 1024.2240000000002), 1, 0]
[(512.1120000000001, 694.62), 1, 0]
[(672.8280000000001, 552.9720000000001), 1, 0]
[(1283.0040000000001, 1408.308), 1, 0]
[(1555.4040000000002, 1351.104), 1, 0]
[(1844.1480000000001, 1656.192), 1, 0]
[(1555.4040000000002, 1825.0800000000002), 1, 0]
[(1541.784, 1825.0800000000002), 1, 0]
[(1479.132, 1133.1840000000002), 1, 0]
[(1312.968, 1037.844), 1, 0]
[(1152.2520000000002, 844.44), 1, 0]
[(1233.972, 787.2360000000001), 1, 0]
[(1209.4560000000001, 784.5120000000001), 1, 0]
[(1225.8000000000002, 700.0680000000001), 1, 0]
[(789.96, 582.936), 1, 0]
[(667.38, 416.77200000000005), 1, 0]
[(1016.052, 305.088), 1, 0]
[(1476.4080000000001, 493.04400000000004), 1, 0]
[(1511.8200000000002, 915.2640000000001), 1, 0]
[(1694.3280000000002, 999.7080000000001), 1, 0]
[(2097.48, 1274.832), 1, 0]
[(2127.444, 1032.3960000000002), 1, 0]
[(1601.7120000000002, 819.9240000000001), 1, 0]
[(1424.652, 215.19600000000003), 1, 0]
[(1607.16, 574.764), 1, 0]
