[(203, 268), 1, 0]
[(196, 269), 1, 0]
[(199, 246), 1, 0]
[(220, 228), 1, 0]
[(226, 229), 1, 0]
[(257, 326), 1, 0]
[(261, 332), 1, 0]
[(274, 269), 1, 0]
[(280, 262), 1, 0]
[(298, 266), 1, 0]
[(287, 272), 1, 0]
[(300, 290), 1, 0]
[(309, 275), 1, 0]
[(319, 311), 1, 0]
[(346, 276), 1, 0]
[(372, 308), 1, 0]
[(364, 322), 1, 0]
[(389, 325), 1, 0]
[(404, 319), 1, 0]
[(411, 332), 1, 0]
[(403, 360), 1, 0]
[(196, 422), 1, 0]
[(202, 414), 1, 0]
[(184, 399), 1, 0]
[(214, 399), 1, 0]
[(229, 419), 1, 0]
[(248, 436), 1, 0]
[(217, 455), 1, 0]
[(219, 470), 1, 0]
[(217, 446), 1, 0]
[(198, 457), 1, 0]
[(175, 452), 1, 0]
[(167, 439), 1, 0]
[(171, 475), 1, 0]
[(190, 466), 1, 0]
[(189, 476), 1, 0]
[(206, 488), 1, 0]
[(218, 507), 1, 0]
[(226, 500), 1, 0]
[(200, 508), 1, 0]
[(254, 508), 1, 0]
[(258, 577), 1, 0]
[(213, 574), 1, 0]
[(250, 630), 1, 0]
[(304, 611), 1, 0]
[(159, 407), 1, 0]
[(159, 407), 1, 0]
[(141, 344), 1, 0]
[(156, 299), 1, 0]
[(150, 313), 1, 0]
[(149, 299), 1, 0]
[(151, 397), 1, 0]
[(149, 383), 1, 0]
[(160, 377), 1, 0]
[(140, 403), 1, 0]
[(123, 405), 1, 0]
[(134, 422), 1, 0]
[(131, 425), 1, 0]
[(125, 425), 1, 0]
[(404, 645), 1, 0]
[(437, 659), 1, 0]
[(472, 549), 1, 0]
[(538, 490), 1, 0]
[(560, 559), 1, 0]
[(595, 553), 1, 0]
[(606, 541), 1, 0]
[(646, 578), 1, 0]
[(631, 587), 1, 0]
[(658, 592), 1, 0]
[(634, 623), 1, 0]
[(652, 513), 1, 0]
[(687, 535), 1, 0]
[(690, 520), 1, 0]
[(723, 532), 1, 0]
[(712, 541), 1, 0]
[(612, 501), 1, 0]
[(579, 471), 1, 0]
[(591, 451), 1, 0]
[(602, 449), 1, 0]
[(607, 460), 1, 0]
[(626, 467), 1, 0]
[(638, 451), 1, 0]
[(634, 435), 1, 0]
[(611, 437), 1, 0]
[(600, 432), 1, 0]
[(592, 425), 1, 0]
[(584, 423), 1, 0]
[(561, 404), 1, 0]
[(516, 404), 1, 0]
[(519, 385), 1, 0]
[(510, 365), 1, 0]
[(511, 344), 1, 0]
[(504, 338), 1, 0]
[(492, 335), 1, 0]
[(461, 340), 1, 0]
[(459, 320), 1, 0]
[(412, 273), 1, 0]
[(392, 234), 1, 0]
[(307, 216), 1, 0]
[(324, 183), 1, 0]
[(331, 152), 1, 0]
[(299, 154), 1, 0]
[(295, 172), 1, 0]
[(261, 168), 1, 0]
[(254, 139), 1, 0]
[(289, 126), 1, 0]
[(308, 117), 1, 0]
[(366, 102), 1, 0]
[(381, 137), 1, 0]
[(388, 156), 1, 0]
[(388, 178), 1, 0]
[(451, 175), 1, 0]
[(459, 195), 1, 0]
[(584, 227), 1, 0]
[(593, 280), 1, 0]
[(587, 320), 1, 0]
[(534, 286), 1, 0]
[(514, 303), 1, 0]
[(554, 362), 1, 0]
[(593, 379), 1, 0]
[(600, 372), 1, 0]
[(636, 376), 1, 0]
[(649, 397), 1, 0]
[(665, 452), 1, 0]
[(703, 439), 1, 0]
[(770, 441), 1, 0]
[(756, 364), 1, 0]
[(730, 368), 1, 0]
[(647, 340), 1, 0]
[(628, 308), 1, 0]
[(648, 279), 1, 0]
[(661, 217), 1, 0]
[(621, 125), 1, 0]
[(727, 269), 1, 0]
[(506, 135), 1, 0]
[(522, 95), 1, 0]
[(506, 96), 1, 0]
[(463, 64), 1, 0]
[(543, 62), 1, 0]
[(368, 61), 1, 0]
[(294, 89), 1, 0]
[(204, 147), 1, 0]
[(187, 162), 1, 0]
[(450, 364), 1, 0]
[(438, 352), 1, 0]
[(330, 250), 1, 0]
[(290, 311), 0, 1]
[(327, 317), 0, 1]
[(326, 287), 0, 1]
[(325, 276), 0, 1]
[(338, 234), 0, 1]
[(340, 262), 0, 1]
[(337, 276), 0, 1]
[(354, 289), 0, 1]
[(364, 281), 0, 1]
[(373, 279), 0, 1]
[(383, 299), 0, 1]
[(367, 359), 0, 1]
[(130, 366), 0, 1]
[(141, 376), 0, 1]
[(188, 255), 0, 1]
[(247, 203), 0, 1]
[(471, 517), 0, 1]
[(571, 496), 0, 1]
[(677, 608), 0, 1]
[(571, 670), 0, 1]
[(566, 670), 0, 1]
[(543, 416), 0, 1]
[(482, 381), 0, 1]
[(423, 310), 0, 1]
[(453, 289), 0, 1]
[(444, 288), 0, 1]
[(450, 257), 0, 1]
[(290, 214), 0, 1]
[(245, 153), 0, 1]
[(373, 112), 0, 1]
[(542, 181), 0, 1]
[(555, 336), 0, 1]
[(622, 367), 0, 1]
[(770, 468), 0, 1]
[(781, 379), 0, 1]
[(588, 301), 0, 1]
[(523, 79), 0, 1]
[(590, 211), 0, 1]
