[(934.3320000000001, 514.836), 1, 0]
[(493.04400000000004, 866.2320000000001), 1, 0]
[(672.8280000000001, 1051.4640000000002), 1, 0]
[(651.0360000000001, 1092.324), 1, 0]
[(1184.94, 1280.2800000000002), 1, 0]
[(1498.2, 629.244), 1, 0]
[(1756.98, 934.3320000000001), 1, 0]
[(1321.14, 1724.2920000000001), 1, 0]
[(1285.728, 1669.8120000000001), 1, 0]
[(1168.596, 1819.632), 1, 0]
[(1114.116, 1691.604), 1, 0]
[(1032.3960000000002, 1716.1200000000001), 1, 0]
[(457.63200000000006, 721.86), 1, 0]
[(422.22, 678.2760000000001), 1, 0]
[(615.624, 809.028), 1, 0]
[(730.032, 855.336), 1, 0]
[(798.1320000000001, 648.312), 1, 0]
[(661.932, 596.556), 1, 0]
[(602.004, 874.4040000000001), 1, 0]
[(593.832, 901.6440000000001), 1, 0]
[(716.412, 1103.22), 1, 0]
[(689.172, 1255.7640000000001), 1, 0]
[(651.0360000000001, 1348.38), 1, 0]
[(678.2760000000001, 1389.24), 1, 0]
[(1005.1560000000001, 1146.804), 1, 0]
[(1253.0400000000002, 1144.0800000000002), 1, 0]
[(1043.2920000000001, 1462.788), 1, 0]
[(1026.948, 1604.4360000000001), 1, 0]
[(999.7080000000001, 1596.2640000000001), 1, 0]
[(956.124, 1634.4), 1, 0]
[(819.9240000000001, 1593.5400000000002), 1, 0]
[(599.2800000000001, 1569.0240000000001), 1, 0]
[(503.94000000000005, 1601.7120000000002), 1, 0]
[(465.80400000000003, 1530.8880000000001), 1, 0]
[(449.46000000000004, 1481.8560000000002), 1, 0]
[(435.84000000000003, 1430.1000000000001), 1, 0]
[(1312.968, 689.172), 1, 0]
[(1370.172, 787.2360000000001), 1, 0]
[(1623.5040000000001, 743.652), 1, 0]
[(1776.0480000000002, 640.1400000000001), 1, 0]
[(1707.948, 1277.556), 1, 0]
[(1669.8120000000001, 1558.1280000000002), 1, 0]
[(1795.1160000000002, 1653.468), 1, 0]
[(2013.036, 1552.68), 1, 0]
[(2081.136, 1503.6480000000001), 1, 0]
[(2048.4480000000003, 1468.236), 1, 0]
[(1378.344, 1773.324), 1, 0]
[(1206.7320000000002, 1822.3560000000002), 1, 0]
[(495.76800000000003, 610.176), 1, 0]
[(495.76800000000003, 574.764), 1, 0]
[(490.32000000000005, 542.076), 1, 0]
[(493.04400000000004, 697.344), 1, 0]
