[(670.104, 898.9200000000001), 1, 0]
[(754.548, 751.8240000000001), 1, 0]
[(988.8120000000001, 1176.768), 1, 0]
[(1236.6960000000001, 1302.0720000000001), 1, 0]
[(1386.516, 1021.5000000000001), 1, 0]
[(1400.1360000000002, 1007.8800000000001), 1, 0]
[(1490.028, 468.528), 1, 0]
[(964.296, 386.80800000000005), 1, 0]
[(915.2640000000001, 384.084), 1, 0]
[(1007.8800000000001, 310.536), 1, 0]
[(988.8120000000001, 531.1800000000001), 1, 0]
[(975.1920000000001, 550.248), 1, 0]
[(1013.3280000000001, 1465.5120000000002), 1, 0]
[(1103.22, 1536.336), 1, 0]
[(1628.9520000000002, 1443.72), 1, 0]
[(724.5840000000001, 757.272), 1, 0]
[(779.0640000000001, 757.272), 1, 0]
[(994.2600000000001, 710.964), 1, 0]
[(1081.428, 836.268), 1, 0]
[(1035.1200000000001, 1163.1480000000001), 1, 0]
[(1127.736, 1154.976), 1, 0]
[(1214.904, 1187.664), 1, 0]
[(1255.7640000000001, 1244.8680000000002), 1, 0]
[(1307.52, 1411.0320000000002), 1, 0]
[(1280.2800000000002, 1435.548), 1, 0]
[(1353.8280000000002, 1114.116), 1, 0]
[(1479.132, 1149.528), 1, 0]
[(1615.332, 909.816), 1, 0]
[(1588.092, 825.3720000000001), 1, 0]
[(1904.0760000000002, 809.028), 1, 0]
[(1362.0, 591.1080000000001), 1, 0]
[(1334.76, 623.796), 1, 0]
[(1184.94, 460.35600000000005), 1, 0]
[(1054.188, 340.5), 1, 0]
[(1152.2520000000002, 1509.096), 1, 0]
[(1454.6160000000002, 1705.2240000000002), 1, 0]
[(1656.192, 1727.016), 1, 0]
[(1645.296, 1814.1840000000002), 1, 0]
[(1574.4720000000002, 1495.476), 1, 0]
