[(623.796, 593.832), 1, 0]
[(1566.3000000000002, 972.4680000000001), 1, 0]
[(1337.4840000000002, 1125.0120000000002), 1, 0]
[(1337.4840000000002, 1321.14), 1, 0]
[(901.6440000000001, 1299.3480000000002), 1, 0]
[(917.988, 1236.6960000000001), 1, 0]
[(1552.68, 1484.5800000000002), 1, 0]
[(1588.092, 1465.5120000000002), 1, 0]
[(1677.9840000000002, 1476.4080000000001), 1, 0]
[(2119.272, 1261.212), 1, 0]
[(956.124, 923.436), 1, 0]
[(1274.832, 980.6400000000001), 1, 0]
[(1593.5400000000002, 1111.392), 1, 0]
[(1579.92, 1119.564), 1, 0]
[(1405.584, 1179.4920000000002), 1, 0]
[(1125.0120000000002, 1778.7720000000002), 1, 0]
[(1209.4560000000001, 457.63200000000006), 0, 1]
[(1277.556, 414.048), 0, 1]
[(533.904, 740.9280000000001), 0, 1]
[(523.008, 1026.948), 0, 1]
[(792.6840000000001, 1187.664), 0, 1]
[(716.412, 1337.4840000000002), 0, 1]
[(651.0360000000001, 1326.5880000000002), 0, 1]
[(915.2640000000001, 1174.044), 0, 1]
[(961.5720000000001, 1244.8680000000002), 0, 1]
[(879.8520000000001, 1408.308), 0, 1]
[(1073.256, 1092.324), 0, 1]
[(1092.324, 1070.5320000000002), 0, 1]
[(1054.188, 1029.672), 0, 1]
[(1299.3480000000002, 1040.568), 0, 1]
[(1318.4160000000002, 1043.2920000000001), 0, 1]
[(1253.0400000000002, 757.272), 0, 1]
[(1438.2720000000002, 806.3040000000001), 0, 1]
[(1503.6480000000001, 716.412), 0, 1]
[(1375.6200000000001, 664.6560000000001), 0, 1]
[(1656.192, 1024.2240000000002), 0, 1]
[(1086.876, 1293.9), 0, 1]
[(1179.4920000000002, 1307.52), 0, 1]
[(1255.7640000000001, 1334.76), 0, 1]
[(1048.74, 1381.0680000000002), 0, 1]
[(1165.872, 1528.1640000000002), 0, 1]
[(1372.8960000000002, 1555.4040000000002), 0, 1]
[(1386.516, 1424.652), 0, 1]
[(1664.364, 1345.6560000000002), 0, 1]
[(1634.4, 1307.52), 0, 1]
[(1993.968, 1263.9360000000001), 0, 1]
[(2007.5880000000002, 1239.42), 0, 1]
[(2015.7600000000002, 1345.6560000000002), 0, 1]
[(1972.1760000000002, 1509.096), 0, 1]
