[(844.44, 362.29200000000003), 1, 0]
[(789.96, 392.25600000000003), 1, 0]
[(740.9280000000001, 471.252), 1, 0]
[(716.412, 517.5600000000001), 1, 0]
[(716.412, 552.9720000000001), 1, 0]
[(509.38800000000003, 675.552), 1, 0]
[(621.072, 822.648), 1, 0]
[(765.4440000000001, 759.9960000000001), 1, 0]
[(727.3080000000001, 798.1320000000001), 1, 0]
[(825.3720000000001, 770.892), 1, 0]
[(825.3720000000001, 833.5440000000001), 1, 0]
[(814.4760000000001, 866.2320000000001), 1, 0]
[(907.0920000000001, 866.2320000000001), 1, 0]
[(956.124, 931.6080000000001), 1, 0]
[(1007.8800000000001, 1002.432), 1, 0]
[(1114.116, 874.4040000000001), 1, 0]
[(1018.7760000000001, 740.9280000000001), 1, 0]
[(1048.74, 631.9680000000001), 1, 0]
[(1152.2520000000002, 580.212), 1, 0]
[(1650.7440000000001, 637.416), 1, 0]
[(1767.8760000000002, 675.552), 1, 0]
[(1751.5320000000002, 806.3040000000001), 1, 0]
[(1590.816, 811.7520000000001), 1, 0]
[(1405.584, 1095.048), 1, 0]
[(1386.516, 1138.632), 1, 0]
[(1348.38, 1231.248), 1, 0]
[(1394.688, 1261.212), 1, 0]
[(1517.268, 1228.5240000000001), 1, 0]
[(1530.8880000000001, 1277.556), 1, 0]
[(1585.3680000000002, 1291.1760000000002), 1, 0]
[(1658.9160000000002, 1182.2160000000001), 1, 0]
[(1781.496, 1236.6960000000001), 1, 0]
[(1931.316, 1362.0), 1, 0]
[(1988.5200000000002, 1383.7920000000001), 1, 0]
[(2092.032, 1375.6200000000001), 1, 0]
[(1958.556, 1247.592), 1, 0]
[(2013.036, 1236.6960000000001), 1, 0]
[(2051.172, 1174.044), 1, 0]
[(1533.612, 1451.892), 1, 0]
[(1370.172, 1432.824), 1, 0]
[(1386.516, 1517.268), 1, 0]
[(1337.4840000000002, 1590.816), 1, 0]
[(1713.3960000000002, 1607.16), 1, 0]
[(1163.1480000000001, 1751.5320000000002), 1, 0]
[(1046.016, 1650.7440000000001), 1, 0]
[(1037.844, 1639.8480000000002), 1, 0]
[(1024.2240000000002, 1391.9640000000002), 1, 0]
[(1165.872, 1283.0040000000001), 1, 0]
[(1174.044, 1247.592), 1, 0]
[(1108.6680000000001, 1217.6280000000002), 1, 0]
[(1059.636, 1187.664), 1, 0]
[(1127.736, 1127.736), 1, 0]
[(1195.836, 1035.1200000000001), 1, 0]
[(874.4040000000001, 1144.0800000000002), 1, 0]
[(874.4040000000001, 1214.904), 1, 0]
[(365.016, 1146.804), 1, 0]
[(348.672, 1016.052), 1, 0]
[(433.11600000000004, 991.5360000000001), 1, 0]
[(552.9720000000001, 1002.432), 1, 0]
[(512.1120000000001, 931.6080000000001), 1, 0]
[(490.32000000000005, 907.0920000000001), 1, 0]
[(550.248, 877.128), 1, 0]
[(645.5880000000001, 956.124), 1, 0]
[(683.724, 931.6080000000001), 1, 0]
[(730.032, 621.072), 0, 1]
[(446.73600000000005, 710.964), 0, 1]
[(612.9000000000001, 740.9280000000001), 0, 1]
[(1187.664, 730.032), 0, 1]
[(1223.076, 781.788), 0, 1]
[(1307.52, 724.5840000000001), 0, 1]
[(1615.332, 664.6560000000001), 0, 1]
[(1544.508, 403.15200000000004), 0, 1]
[(1285.728, 291.468), 0, 1]
[(1838.7, 661.932), 0, 1]
[(1585.3680000000002, 920.7120000000001), 0, 1]
[(1539.0600000000002, 1130.46), 0, 1]
[(1721.5680000000002, 1277.556), 0, 1]
[(2059.344, 1345.6560000000002), 0, 1]
[(1307.52, 1498.2), 0, 1]
[(1258.488, 1411.0320000000002), 0, 1]
[(1220.352, 1503.6480000000001), 0, 1]
[(1198.5600000000002, 1844.1480000000001), 0, 1]
[(471.252, 1263.9360000000001), 0, 1]
[(422.22, 1342.932), 0, 1]
[(465.80400000000003, 879.8520000000001), 0, 1]
