[(229, 218), 1, 0]
[(575, 357), 1, 0]
[(491, 413), 1, 0]
[(491, 485), 1, 0]
[(331, 477), 1, 0]
[(337, 454), 1, 0]
[(570, 545), 1, 0]
[(583, 538), 1, 0]
[(616, 542), 1, 0]
[(778, 463), 1, 0]
[(351, 339), 1, 0]
[(468, 360), 1, 0]
[(585, 408), 1, 0]
[(580, 411), 1, 0]
[(516, 433), 1, 0]
[(413, 653), 1, 0]
[(444, 168), 0, 1]
[(469, 152), 0, 1]
[(196, 272), 0, 1]
[(192, 377), 0, 1]
[(291, 436), 0, 1]
[(263, 491), 0, 1]
[(239, 487), 0, 1]
[(336, 431), 0, 1]
[(353, 457), 0, 1]
[(323, 517), 0, 1]
[(394, 401), 0, 1]
[(401, 393), 0, 1]
[(387, 378), 0, 1]
[(477, 382), 0, 1]
[(484, 383), 0, 1]
[(460, 278), 0, 1]
[(528, 296), 0, 1]
[(552, 263), 0, 1]
[(505, 244), 0, 1]
[(608, 376), 0, 1]
[(399, 475), 0, 1]
[(433, 480), 0, 1]
[(461, 490), 0, 1]
[(385, 507), 0, 1]
[(428, 561), 0, 1]
[(504, 571), 0, 1]
[(509, 523), 0, 1]
[(611, 494), 0, 1]
[(600, 480), 0, 1]
[(732, 464), 0, 1]
[(737, 455), 0, 1]
[(740, 494), 0, 1]
[(724, 554), 0, 1]
