[(310, 133), 1, 0]
[(290, 144), 1, 0]
[(272, 173), 1, 0]
[(263, 190), 1, 0]
[(263, 203), 1, 0]
[(187, 248), 1, 0]
[(228, 302), 1, 0]
[(281, 279), 1, 0]
[(267, 293), 1, 0]
[(303, 283), 1, 0]
[(303, 306), 1, 0]
[(299, 318), 1, 0]
[(333, 318), 1, 0]
[(351, 342), 1, 0]
[(370, 368), 1, 0]
[(409, 321), 1, 0]
[(374, 272), 1, 0]
[(385, 232), 1, 0]
[(423, 213), 1, 0]
[(606, 234), 1, 0]
[(649, 248), 1, 0]
[(643, 296), 1, 0]
[(584, 298), 1, 0]
[(516, 402), 1, 0]
[(509, 418), 1, 0]
[(495, 452), 1, 0]
[(512, 463), 1, 0]
[(557, 451), 1, 0]
[(562, 469), 1, 0]
[(582, 474), 1, 0]
[(609, 434), 1, 0]
[(654, 454), 1, 0]
[(709, 500), 1, 0]
[(730, 508), 1, 0]
[(768, 505), 1, 0]
[(719, 458), 1, 0]
[(739, 454), 1, 0]
[(753, 431), 1, 0]
[(563, 533), 1, 0]
[(503, 526), 1, 0]
[(509, 557), 1, 0]
[(491, 584), 1, 0]
[(629, 590), 1, 0]
[(427, 643), 1, 0]
[(384, 606), 1, 0]
[(381, 602), 1, 0]
[(376, 511), 1, 0]
[(428, 471), 1, 0]
[(431, 458), 1, 0]
[(407, 447), 1, 0]
[(389, 436), 1, 0]
[(414, 414), 1, 0]
[(439, 380), 1, 0]
[(321, 420), 1, 0]
[(321, 446), 1, 0]
[(134, 421), 1, 0]
[(128, 373), 1, 0]
[(159, 364), 1, 0]
[(203, 368), 1, 0]
[(188, 342), 1, 0]
[(180, 333), 1, 0]
[(202, 322), 1, 0]
[(237, 351), 1, 0]
[(251, 342), 1, 0]
[(268, 228), 0, 1]
[(164, 261), 0, 1]
[(225, 272), 0, 1]
[(436, 268), 0, 1]
[(449, 287), 0, 1]
[(480, 266), 0, 1]
[(593, 244), 0, 1]
[(567, 148), 0, 1]
[(472, 107), 0, 1]
[(675, 243), 0, 1]
[(582, 338), 0, 1]
[(565, 415), 0, 1]
[(632, 469), 0, 1]
[(756, 494), 0, 1]
[(480, 550), 0, 1]
[(462, 518), 0, 1]
[(448, 552), 0, 1]
[(440, 677), 0, 1]
[(173, 464), 0, 1]
[(155, 493), 0, 1]
[(171, 323), 0, 1]
