[(716.412, 580.212), 1, 0]
[(727.3080000000001, 648.312), 1, 0]
[(757.272, 626.5200000000001), 1, 0]
[(809.028, 623.796), 1, 0]
[(874.4040000000001, 667.38), 1, 0]
[(800.8560000000001, 716.412), 1, 0]
[(686.4480000000001, 825.3720000000001), 1, 0]
[(999.7080000000001, 460.35600000000005), 1, 0]
[(1283.0040000000001, 675.552), 1, 0]
[(991.5360000000001, 779.0640000000001), 1, 0]
[(1081.428, 789.96), 1, 0]
[(1084.152, 833.5440000000001), 1, 0]
[(1182.2160000000001, 844.44), 1, 0]
[(1105.9440000000002, 909.816), 1, 0]
[(1160.424, 939.7800000000001), 1, 0]
[(1261.212, 972.4680000000001), 1, 0]
[(1367.448, 1026.948), 1, 0]
[(1470.96, 1013.3280000000001), 1, 0]
[(1323.864, 1103.22), 1, 0]
[(1329.3120000000001, 1174.044), 1, 0]
[(1239.42, 1157.7), 1, 0]
[(1152.2520000000002, 1075.98), 1, 0]
[(1163.1480000000001, 1204.008), 1, 0]
[(956.124, 1138.632), 1, 0]
[(1402.8600000000001, 1206.7320000000002), 1, 0]
[(1462.788, 1193.112), 1, 0]
[(1746.084, 1075.98), 1, 0]
[(1484.5800000000002, 871.6800000000001), 1, 0]
[(1389.24, 849.888), 1, 0]
[(1378.344, 792.6840000000001), 1, 0]
[(1503.6480000000001, 642.864), 1, 0]
[(1443.72, 503.94000000000005), 1, 0]
[(1577.1960000000001, 710.964), 1, 0]
[(1928.592, 716.412), 1, 0]
[(2026.6560000000002, 912.5400000000001), 1, 0]
[(1773.324, 1244.8680000000002), 1, 0]
[(1598.988, 1438.2720000000002), 1, 0]
[(1560.852, 1468.236), 1, 0]
[(1631.6760000000002, 1517.268), 1, 0]
[(1593.5400000000002, 1574.4720000000002), 1, 0]
[(1408.308, 1484.5800000000002), 1, 0]
[(1326.5880000000002, 1667.0880000000002), 1, 0]
[(1411.0320000000002, 1702.5000000000002), 1, 0]
[(1007.8800000000001, 1609.884), 1, 0]
[(1029.672, 1500.9240000000002), 1, 0]
[(923.436, 1487.304), 1, 0]
[(893.4720000000001, 836.268), 1, 0]
[(1686.1560000000002, 1258.488), 1, 0]
[(1658.9160000000002, 1446.4440000000002), 1, 0]
[(1509.096, 1424.652), 1, 0]
[(2007.5880000000002, 806.3040000000001), 1, 0]
