[(263, 213), 1, 0]
[(267, 238), 1, 0]
[(278, 230), 1, 0]
[(297, 229), 1, 0]
[(321, 245), 1, 0]
[(294, 263), 1, 0]
[(252, 303), 1, 0]
[(367, 169), 1, 0]
[(471, 248), 1, 0]
[(364, 286), 1, 0]
[(397, 290), 1, 0]
[(398, 306), 1, 0]
[(434, 310), 1, 0]
[(406, 334), 1, 0]
[(426, 345), 1, 0]
[(463, 357), 1, 0]
[(502, 377), 1, 0]
[(540, 372), 1, 0]
[(486, 405), 1, 0]
[(488, 431), 1, 0]
[(455, 425), 1, 0]
[(423, 395), 1, 0]
[(427, 442), 1, 0]
[(351, 418), 1, 0]
[(515, 443), 1, 0]
[(537, 438), 1, 0]
[(641, 395), 1, 0]
[(545, 320), 1, 0]
[(510, 312), 1, 0]
[(506, 291), 1, 0]
[(552, 236), 1, 0]
[(530, 185), 1, 0]
[(579, 261), 1, 0]
[(708, 263), 1, 0]
[(744, 335), 1, 0]
[(651, 457), 1, 0]
[(587, 528), 1, 0]
[(573, 539), 1, 0]
[(599, 557), 1, 0]
[(585, 578), 1, 0]
[(517, 545), 1, 0]
[(487, 612), 1, 0]
[(518, 625), 1, 0]
[(370, 591), 1, 0]
[(378, 551), 1, 0]
[(339, 546), 1, 0]
[(328, 307), 0, 1]
[(619, 462), 0, 1]
[(609, 531), 0, 1]
[(554, 523), 0, 1]
[(737, 296), 0, 1]
