[(591.1080000000001, 1277.556), 1, 0]
[(634.692, 1370.172), 1, 0]
[(1389.24, 1081.428), 1, 0]
[(1378.344, 1070.5320000000002), 1, 0]
[(1506.372, 1135.9080000000001), 1, 0]
[(1797.8400000000001, 776.34), 1, 0]
[(1885.008, 694.62), 1, 0]
[(1985.796, 681.0), 1, 0]
[(817.2, 1620.7800000000002), 1, 0]
[(1182.2160000000001, 1637.124), 1, 0]
[(1217.6280000000002, 1729.7400000000002), 1, 0]
[(1184.94, 1844.1480000000001), 1, 0]
[(1411.0320000000002, 1408.308), 1, 0]
[(1688.88, 1013.3280000000001), 1, 0]
[(1590.816, 683.724), 1, 0]
[(1560.852, 615.624), 1, 0]
[(2023.9320000000002, 681.0), 1, 0]
[(1980.3480000000002, 844.44), 1, 0]
