[(1220.352, 1081.428), 1, 0]
[(1427.3760000000002, 1062.3600000000001), 1, 0]
[(1835.976, 1424.652), 1, 0]
[(1680.708, 1577.1960000000001), 1, 0]
[(1661.64, 1732.4640000000002), 1, 0]
[(1642.5720000000001, 1887.7320000000002), 1, 0]
[(1901.352, 1822.3560000000002), 1, 0]
[(1934.0400000000002, 1776.0480000000002), 1, 0]
[(2097.48, 1517.268), 1, 0]
[(2119.272, 1362.0), 1, 0]
[(604.7280000000001, 776.34), 1, 0]
[(1727.016, 454.908), 1, 0]
[(1514.544, 1650.7440000000001), 1, 0]
[(1996.6920000000002, 1460.064), 1, 0]
[(1857.768, 1364.7240000000002), 1, 0]
[(2029.38, 1615.332), 1, 0]
[(2138.34, 1277.556), 1, 0]
[(2130.168, 1242.144), 1, 0]
[(2124.7200000000003, 1184.94), 1, 0]
[(1972.1760000000002, 947.9520000000001), 1, 0]
[(1925.8680000000002, 939.7800000000001), 1, 0]
[(1261.212, 917.988), 1, 0]
[(931.6080000000001, 1024.2240000000002), 1, 0]
[(1669.8120000000001, 378.636), 1, 0]
