[(607.452, 759.9960000000001), 1, 0]
[(675.552, 915.2640000000001), 1, 0]
[(670.104, 953.4000000000001), 1, 0]
[(1075.98, 877.128), 1, 0]
[(967.0200000000001, 596.556), 1, 0]
[(1100.496, 315.98400000000004), 1, 0]
[(1419.2040000000002, 479.42400000000004), 1, 0]
[(1547.2320000000002, 430.39200000000005), 1, 0]
[(877.128, 1163.1480000000001), 1, 0]
[(651.0360000000001, 1440.996), 1, 0]
[(1525.44, 1043.2920000000001), 1, 0]
[(1819.632, 1247.592), 1, 0]
[(852.6120000000001, 1819.632), 1, 0]
[(1073.256, 2004.864), 1, 0]
[(1495.476, 653.76), 1, 0]
[(1337.4840000000002, 833.5440000000001), 1, 0]
[(1457.3400000000001, 874.4040000000001), 1, 0]
[(547.524, 1253.0400000000002), 1, 0]
[(1103.22, 1108.6680000000001), 1, 0]
[(1198.5600000000002, 1225.8000000000002), 1, 0]
[(1304.796, 1293.9), 1, 0]
[(1555.4040000000002, 1059.636), 1, 0]
[(1451.892, 1032.3960000000002), 1, 0]
[(1713.3960000000002, 1274.832), 1, 0]
[(1667.0880000000002, 1413.756), 1, 0]
[(1381.0680000000002, 1462.788), 1, 0]
[(898.9200000000001, 1969.4520000000002), 1, 0]
[(1048.74, 1819.632), 1, 0]
[(1397.412, 1885.008), 1, 0]
[(1931.316, 770.892), 1, 0]
[(670.104, 444.01200000000006), 1, 0]
