[(599.2800000000001, 623.796), 1, 0]
[(697.344, 637.416), 1, 0]
[(833.5440000000001, 659.2080000000001), 1, 0]
[(947.9520000000001, 664.6560000000001), 1, 0]
[(934.3320000000001, 577.488), 1, 0]
[(980.6400000000001, 381.36), 1, 0]
[(555.696, 397.704), 1, 0]
[(1405.584, 607.452), 1, 0]
[(1547.2320000000002, 697.344), 1, 0]
[(1430.1000000000001, 939.7800000000001), 1, 0]
[(1334.76, 1021.5000000000001), 1, 0]
[(1288.452, 1035.1200000000001), 1, 0]
[(1400.1360000000002, 1067.808), 1, 0]
[(1239.42, 923.436), 1, 0]
[(1479.132, 1220.352), 1, 0]
[(1209.4560000000001, 1323.864), 1, 0]
[(977.916, 1378.344), 1, 0]
[(928.884, 1411.0320000000002), 1, 0]
[(879.8520000000001, 1596.2640000000001), 1, 0]
[(1244.8680000000002, 1498.2), 1, 0]
[(730.032, 1157.7), 1, 0]
[(789.96, 1048.74), 1, 0]
[(781.788, 986.0880000000001), 1, 0]
[(1811.46, 825.3720000000001), 1, 0]
[(1912.248, 719.1360000000001), 1, 0]
[(1980.3480000000002, 672.8280000000001), 1, 0]
[(441.288, 836.268), 0, 1]
[(833.5440000000001, 732.7560000000001), 0, 1]
[(1536.336, 1209.4560000000001), 0, 1]
[(1149.528, 1362.0), 0, 1]
[(1105.9440000000002, 1329.3120000000001), 0, 1]
[(1029.672, 1519.9920000000002), 0, 1]
[(738.2040000000001, 1046.016), 0, 1]
[(1841.4240000000002, 803.58), 0, 1]
