[(591.1080000000001, 1040.568), 1, 0]
[(642.864, 1242.144), 1, 0]
[(789.96, 1345.6560000000002), 1, 0]
[(770.892, 1405.584), 1, 0]
[(803.58, 1424.652), 1, 0]
[(683.724, 1479.132), 1, 0]
[(730.032, 1500.9240000000002), 1, 0]
[(800.8560000000001, 1601.7120000000002), 1, 0]
[(438.564, 1397.412), 1, 0]
[(882.576, 1201.284), 1, 0]
[(1100.496, 1160.424), 1, 0]
[(1067.808, 1138.632), 1, 0]
[(1108.6680000000001, 1127.736), 1, 0]
[(1160.424, 1084.152), 1, 0]
[(1209.4560000000001, 1062.3600000000001), 1, 0]
[(1231.248, 1108.6680000000001), 1, 0]
[(1089.6000000000001, 863.508), 1, 0]
[(1021.5000000000001, 830.82), 1, 0]
[(1193.112, 1206.7320000000002), 1, 0]
[(1198.5600000000002, 1247.592), 1, 0]
[(1176.768, 1269.384), 1, 0]
[(1176.768, 1310.2440000000001), 1, 0]
[(1165.872, 1326.5880000000002), 1, 0]
[(1086.876, 1381.0680000000002), 1, 0]
[(1032.3960000000002, 1517.268), 1, 0]
[(1092.324, 1544.508), 1, 0]
[(1133.1840000000002, 1555.4040000000002), 1, 0]
[(1179.4920000000002, 1503.6480000000001), 1, 0]
[(1209.4560000000001, 1509.096), 1, 0]
[(1130.46, 1683.432), 1, 0]
[(1130.46, 1778.7720000000002), 1, 0]
[(1253.0400000000002, 1713.3960000000002), 1, 0]
[(1160.424, 2018.4840000000002), 1, 0]
[(1462.788, 1675.2600000000002), 1, 0]
[(1479.132, 1549.9560000000001), 1, 0]
[(1479.132, 1283.0040000000001), 1, 0]
[(1430.1000000000001, 1304.796), 1, 0]
[(1440.996, 1228.5240000000001), 1, 0]
[(1337.4840000000002, 1135.9080000000001), 1, 0]
[(1342.932, 942.504), 1, 0]
[(1413.756, 964.296), 1, 0]
[(1359.276, 866.2320000000001), 1, 0]
[(1340.208, 642.864), 1, 0]
[(1293.9, 664.6560000000001), 1, 0]
[(1323.864, 574.764), 1, 0]
[(1154.976, 591.1080000000001), 1, 0]
[(1171.3200000000002, 340.5), 1, 0]
[(1517.268, 506.66400000000004), 1, 0]
[(1601.7120000000002, 588.384), 1, 0]
[(1522.7160000000001, 634.692), 1, 0]
[(1691.604, 607.452), 1, 0]
[(1846.872, 493.04400000000004), 1, 0]
[(2004.864, 523.008), 1, 0]
[(1993.968, 582.936), 1, 0]
[(2037.5520000000001, 738.2040000000001), 1, 0]
[(1724.2920000000001, 923.436), 1, 0]
[(1947.66, 986.0880000000001), 1, 0]
[(1950.3840000000002, 1228.5240000000001), 1, 0]
[(2007.5880000000002, 1217.6280000000002), 1, 0]
[(1923.1440000000002, 1449.1680000000001), 1, 0]
[(1887.7320000000002, 1421.928), 1, 0]
[(1914.9720000000002, 1609.884), 1, 0]
[(1855.044, 1721.5680000000002), 1, 0]
[(1658.9160000000002, 1593.5400000000002), 1, 0]
[(1675.2600000000002, 1443.72), 1, 0]
[(1612.6080000000002, 1424.652), 1, 0]
[(1588.092, 1400.1360000000002), 1, 0]
[(1677.9840000000002, 1255.7640000000001), 1, 0]
[(991.5360000000001, 1261.212), 0, 1]
[(1152.2520000000002, 860.7840000000001), 0, 1]
[(1130.46, 1479.132), 0, 1]
[(1111.392, 1677.9840000000002), 0, 1]
[(1356.5520000000001, 1214.904), 0, 1]
[(1326.5880000000002, 1176.768), 0, 1]
[(1078.7040000000002, 468.528), 0, 1]
[(1536.336, 727.3080000000001), 0, 1]
