[(574.764, 1209.4560000000001), 1, 0]
[(577.488, 1302.0720000000001), 1, 0]
[(1146.804, 1133.1840000000002), 1, 0]
[(1470.96, 825.3720000000001), 1, 0]
[(1517.268, 789.96), 1, 0]
[(1855.044, 781.788), 1, 0]
[(1939.488, 885.3000000000001), 1, 0]
[(1942.2120000000002, 926.1600000000001), 1, 0]
[(1849.5960000000002, 1530.8880000000001), 1, 0]
[(1648.0200000000002, 1539.0600000000002), 1, 0]
[(1618.056, 588.384), 1, 0]
[(1648.0200000000002, 509.38800000000003), 1, 0]
[(1533.612, 528.456), 1, 0]
[(1498.2, 599.2800000000001), 1, 0]
[(1383.7920000000001, 414.048), 1, 0]
[(1811.46, 618.3480000000001), 1, 0]
[(1909.5240000000001, 738.2040000000001), 1, 0]
[(1934.0400000000002, 784.5120000000001), 1, 0]
[(1800.564, 661.932), 1, 0]
[(1803.2880000000002, 702.792), 1, 0]
[(1814.1840000000002, 868.956), 0, 1]
