[(640.1400000000001, 1125.0120000000002), 1, 0]
[(757.272, 1163.1480000000001), 1, 0]
[(640.1400000000001, 1272.1080000000002), 1, 0]
[(593.832, 1353.8280000000002), 1, 0]
[(634.692, 1492.7520000000002), 1, 0]
[(555.696, 1628.9520000000002), 1, 0]
[(789.96, 1511.8200000000002), 1, 0]
[(659.2080000000001, 1822.3560000000002), 1, 0]
[(991.5360000000001, 1904.0760000000002), 1, 0]
[(1032.3960000000002, 1321.14), 1, 0]
[(1075.98, 1122.288), 1, 0]
[(996.984, 1048.74), 1, 0]
[(1212.18, 800.8560000000001), 1, 0]
[(1220.352, 719.1360000000001), 1, 0]
[(1253.0400000000002, 724.5840000000001), 1, 0]
[(1356.5520000000001, 724.5840000000001), 1, 0]
[(1307.52, 621.072), 1, 0]
[(1389.24, 585.6600000000001), 1, 0]
[(1737.912, 844.44), 1, 0]
[(1729.7400000000002, 1411.0320000000002), 1, 0]
[(1609.884, 1571.748), 1, 0]
[(811.7520000000001, 819.9240000000001), 1, 0]
[(552.9720000000001, 1710.672), 0, 1]
[(1367.448, 1133.1840000000002), 0, 1]
